94,1
94,0
13,52
90,6
90,5
90,4
13,129
90,3
90,1
90,0
13,24
13,16
89,6
89,5
89,4
13,59
89,3
13,20
89,1
89,0
87,7
13,73
87,6
13,58
87,5
87,4
13,65
87,3
87,1
87,0
84,7
13,34
13,2
16,6
84,6
84,5
84,4
84,3
84,1
84,0
82,7
8,7
8,6
8,2
8,1
82,6
82,5
82,4
8,5
82,3
5,6
82,1
82,0
80,7
5,2
5,1
80,6
80,5
80,4
5,5
80,3
6,6
80,1
80,0
73,7
6,2
6,1
73,6
73,5
73,4
6,5
73,3
73,1
73,0
70,5
70,4
70,3
70,1
70,0
67,170
67,169
67,168
67,167
67,166
67,165
0,318
67,164
67,163
67,162
67,161
67,160
67,159
67,158
67,157
13,21
67,156
67,155
13,9
67,154
13,10
67,153
10,11
2,2
2,1
14,8
67,152
67,151
14,9
14,5
10,38
10,5
10,10
10,9
10,8
13,25
14,7
14,1
67,150
10,7
10,1
2,5
14,6
67,149
10,6
67,1
13,35
28,10
28,9
67,148
13,8
28,8
16,8
13,7
17,5
17,8
16,7
16,5
15,8
13,60
13,5
17,7
15,9
15,5
17,1
28,7
16,2
16,1
13,6
17,6
18,5
13,76
28,5
28,1
15,7
15,1
18,7
18,1
15,6
13,75
13,1
18,6
28,6
0,276
30,1
0,273
13,62
0,666
0,412
29,1
0,405
30,5
29,5
0,307
0,10
0,279
0,278
0,0
0,275
0,274
0,13
